#exercício 1#
#https://github.com/scostacarolina/lista_3_ana_carolina_costa#
#exercício 2#
x <- 4
y <- 5
z <- x+y
z * 105589693440
cpf <- 10558693440
z * cpf
#resposta 02 = 95028240960#
